5305
6099
7373
3231
8640
9510
1510
13765
3908
3
9910
3618
11490
11197
6356
13951
7622
386
4894
9494
7341
8617
3607
660
8615
10596
6063
4471
4086
2321
12179
3870
13452
13028
8190
5355
4689
2312
6734
12647
4182
2102
6550
4444
6623
8597
12743
5347
11146
4705
13006
3849
11568
4857
8847
12840
6291
249
8586
4163
10522
1950
12831
1939
333
6259
1001
4150
12135
10502
3476
7201
9846
1229
9380
240
4361
323
8774
10178
13401
12326
9706
2964
9346
10460
7482
3464
9061
12722
7278
832
6875
77
12635
5258
128
4638
3363
13575
3031
8043
11333
807
5903
10737
8358
12982
1473
2062
5954
9621
10854
13960
11318
7950
4994
9616
24
3319
4043
6463
10403
10919
6838
12275
1439
3302
11381
2413
11972
9740
10690
9286
9573
11272
2695
13519
9568
4258
1407
13814
5136
288
6797
8267
4535
1392
13361
9103
8953
5509
2229
6391
10640
3936
7664
13780
8649
7654
10619
8917
1757
13750
5071
8616
3602
1573
9095
3405
13033
13719
4455
2591
10576
10888
12170
3866
1038
3403
13706
11157
3173
12854
8178
5033
10563
1515
3163
5453
12744
12849
6987
5015
10540
1969
6978
10287
1962
14011
1956
6617
13672
11460
1244
6614
3106
1929
2836
9159
564
9845
4061
2501
4060
5270
7980
11762
325
8093
4058
1203
10106
5620
5621
13609
13277
5293
4341
11731
7475
9343
9338
11720
503
3376
5928
7467
9137
1868
10771
4316
13908
11709
1862
5955
2098
1168
2778
1671
10426
11400
132
3459
819
6860
53
3360
7265
10746
48
10124
4299
10921
2424
7765
9608
13552
10029
12715
10018
5874
298
12683
7810
4287
467
1809
9287
6828
13249
291
4259
9049
4253
3659
12552
12553
3983
10156
13130
741
4929
9252
8289
5821
714
1547
10353
10645
3945
6791
11910
2661
11237
3636
3246
4521
4788
6094
6390
4907
4099
2644
11493
6085
2132
9518
1067
2340
12882
1063
4202
1749
3218
3610
13468
8907
4024
11191
4484
959
5747
12072
10895
8888
6524
9469
8195
8187
9458
2209
4193
5714
4190
7587
5710
7857
1294
12062
8155
2566
10550
8838
8151
5350
9192
13441
12745
1032
3431
10299
3811
6274
1611
9404
9871
9869
4858
8814
3803
7137
2993
2153
10507
1607
572
4385
6920
9383
13420
1013
3565
866
9162
5272
8094
5639
11061
13281
2483
13280
12329
3755
6206
10183
6611
7118
10819
12043
10866
7978
1185
7977
7132
4055
11715
4054
12726
3026
1505
8386
5926
1849
4810
824
12291
3461
5909
11519
5218
57
2770
11004
1595
9300
8709
13273
6496
12965
4980
5207
7817
4732
1470
4598
2043
10034
4602
9283
13169
2933
2715
8317
9279
7026
5852
12566
11439
11659
13145
5849
4103
7252
12246
294
13999
9957
1651
2008
10848
5146
748
12921
13125
11646
7003
12232
6412
10844
11253
10365
3266
7812
9938
7686
12516
709
11925
8259
3932
2655
1079
4902
7363
9520
13777
5499
3917
10626
11902
11212
6080
1066
962
10322
961
11891
9502
9035
3892
4886
5046
11591
4772
13019
12068
2583
10568
4770
2101
6053
11588
7800
12855
8837
4760
8147
10514
1942
8129
13663
5251
14018
3584
3802
3800
1933
6243
1232
11094
3567
6242
12141
3080
1208
5337
10789
8758
1559
3739
508
506
13254
2880
6188
13587
11028
8738
162
3548
6696
9148
10128
6183
1858
13395
2874
2435
12687
303
11363
300
9651
9818
6853
2829
11344
3361
8711
5216
13203
7433
9129
12612
13898
8704
7774
13272
10743
13892
1530
12955
2250
108
13881
193
12943
13191
1122
5890
10033
985
1656
13270
788
7878
2036
3312
12583
10911
6444
5861
5866
4943
12559
4938
4252
743
1423
9735
13115
13121
12544
12088
9549
10843
12520
3949
4034
8270
8959
418
2669
5506
4234
12015
6790
10212
3941
11239
3238
7655
11208
691
7237
5087
7631
9006
12896
6645
13741
653
4712
13350
1317
2819
3182
10899
13024
3178
1627
1751
5720
13462
13704
2328
5964
2574
5025
6996
9446
6525
8167
611
8854
3432
12746
12169
10992
3830
1539
2553
11577
3593
8146
14026
3817
8493
3815
8819
8823
9872
1246
1931
4702
6250
4381
9076
11763
7849
5637
9171
535
13607
14003
4153
2290
1880
1881
12317
4327
10271
9067
5422
8054
13400
4053
850
5595
3722
2443
163
8720
10255
4130
5570
12112
8707
13548
470
4807
12100
9127
4114
75
70
5224
5915
9975
8370
9120
7761
47
6823
7072
10713
2055
1436
2713
11984
11662
8299
13150
742
6662
3286
1648
1101
8521
7002
3967
13507
12707
11249
8279
7147
13103
421
12509
10646
5114
13360
9530
8944
13496
1087
5102
403
11219
4717
10343
5092
8926
400
684
2912
13984
6090
278
674
8221
671
13735
13738
12676
11864
6328
5739
13722
3872
7350
11159
11599
626
11833
4769
6059
1570
3840
13448
11821
6983
11582
4872
11128
13442
6622
1034
8412
3401
10531
896
599
12055
13974
10525
6964
7543
5450
3805
9406
8411
12696
12372
2515
4382
6928
11074
3575
11560
3081
10480
11555
6021
2885
6708
10466
4339
2288
13240
6191
10955
5944
5418
10088
8045
814
2120
5410
13893
10747
1481
12290
4817
3013
11315
6478
11520
2053
21
3323
790
12579
9297
2030
8312
6145
9126
1429
11283
9575
9580
456
12256
8983
13816
7008
987
7405
9968
9275
9963
7697
12244
9274
12099
11257
8527
9558
10669
977
10660
5383
13366
12019
3256
12916
1795
8266
5380
2665
422
283
700
10642
9246
6558
11227
1375
13090
4507
9919
11213
3632
13079
13075
6522
5777
6643
9222
3214
8911
2348
4495
1630
6554
2904
13060
3616
12470
5759
3613
265
8202
2600
3196
11596
378
3190
1314
12439
11163
4766
3858
2584
7576
5703
6992
7580
3137
1271
5693
7802
1029
7315
3127
7552
5686
3808
9403
1249
3114
7532
9025
6030
11096
9762
12359
9385
12830
542
8783
10967
3770
6218
4843
10868
12729
1005
10962
4009
10865
10464
3065
13964
13588
919
10419
150
1522
8719
12640
5929
13914
4656
8706
13904
4809
12276
5916
12624
7880
8010
4671
6495
5546
12792
10049
13959
5287
4264
9613
2867
11310
11652
13172
8327
9953
6453
13301
7714
5164
11983
12556
5845
1103
13138
909
10687
9570
13824
13819
740
13502
12542
10670
2803
2233
4035
8957
4236
970
11625
2660
2856
13788
2855
13787
1085
7145
1373
402
7238
5933
2166
12642
4908
4715
1365
9916
4096
13356
3627
2910
13353
4782
10335
9912
7919
1074
7230
13982
3206
13263
2345
1341
7111
9902
2613
12070
2333
11192
6635
2602
6334
9204
3880
11177
12869
3192
10588
9091
10573
4763
1989
3851
4439
10829
3388
10994
5707
2572
4426
3485
11132
2843
11130
10543
2552
8841
11122
11810
4412
8494
845
10826
3819
13436
5687
13668
11100
7204
12845
5447
6574
1605
5986
13642
2992
6926
12838
1561
12148
11559
12734
9379
5641
13418
3777
929
10477
6908
4841
4351
12335
4056
12322
7480
5606
12815
10440
9835
5598
9145
6180
7446
6515
9668
4989
916
1838
12111
7789
4632
10072
10073
2257
12615
7770
1490
7778
13304
7081
1552
12264
7076
1480
10853
12253
4612
40
7411
5892
1454
9605
6126
170
9118
7726
3670
10228
11291
8424
296
6805
4940
983
9581
9262
6113
3976
420
5830
2920
904
8975
3954
11943
10671
8652
11498
10654
4534
9731
5792
12907
2638
6374
2369
7925
7831
12213
7377
2913
675
6359
8225
9501
5370
13061
5069
7618
9792
12459
656
1078
4089
10897
10332
9457
7225
11602
13703
620
9785
2799
5018
954
8162
4425
13691
10316
12186
5478
8148
12064
5470
947
3131
12392
1262
10097
584
6264
9774
371
8606
13658
576
4396
4398
13946
568
2517
4187
3793
11581
10137
11771
9714
6620
9384
13439
1028
1715
7507
10485
247
9695
2494
5619
5335
8754
7299
7119
887
6887
12041
7293
501
9843
9329
3726
1864
4143
3552
2142
4138
10086
5329
829
12989
7283
4306
2095
10172
12987
7199
11011
7274
2092
9309
5221
2771
7785
7099
823
11005
119
118
12287
6166
6162
10732
10045
10052
9631
13388
11515
1824
789
796
13188
1136
12953
10122
7050
10026
8330
3689
12951
776
10708
5184
6138
10923
1663
5865
12572
7944
4585
769
11981
9588
9583
4799
3294
752
5390
2696
8298
12240
729
3277
4254
2662
1395
8281
13806
1792
13504
11918
10644
9536
4515
3242
8248
8249
3648
7832
13087
7381
10351
6360
1351
5775
682
12677
8218
9237
6786
668
4224
4910
4780
4459
5045
9722
7592
3854
393
11145
3157
391
5702
9783
1283
1621
12403
3833
2550
13683
7564
1047
898
7801
8813
8499
6056
7212
4070
6937
12363
1035
6040
10989
11081
12357
1606
7510
4364
12694
344
4358
6571
11057
5295
528
1010
4157
12140
6898
7820
8576
6704
1879
1191
11545
13941
2462
4057
3736
6194
8746
12816
13314
9063
2075
10070
828
10083
11359
11360
5402
8721
7279
2268
7445
7084
13243
10040
8032
798
11388
26
2738
13186
12599
8020
2422
4985
12589
4594
3697
1435
12710
5851
6598
905
9584
4964
2000
10845
8459
8976
3962
6815
11666
8972
1115
13111
7945
2934
12660
7685
6667
718
9269
9545
980
11929
11235
4032
6801
13505
11644
12777
5306
286
12221
4790
716
10900
11928
13798
3500
4785
7862
11231
9531
2641
1770
3634
8927
7650
12491
13081
13760
5094
5776
6584
673
10095
13471
9497
6074
2847
4773
10589
10319
3187
13260
4457
7598
13023
6319
5731
950
7139
4197
5993
7331
5019
1981
11829
5701
4423
13682
10191
4758
12168
11117
7549
2532
2537
6727
11095
4387
4172
6038
1023
2838
11088
12350
12668
12147
4750
4362
13322
13969
9761
10970
7993
3761
6707
4156
7490
4342
11738
2287
9069
8062
13591
13585
13241
7290
2441
2449
923
7451
2877
10416
4740
6164
6565
10775
7108
477
11693
12966
4812
13551
11524
472
2418
11684
10770
4974
7091
11340
9982
3350
171
805
13931
11676
5211
9817
11319
13887
13300
1816
787
12590
7061
9974
20
11386
7732
3683
766
6448
3297
5150
11663
8295
11651
292
3267
5139
11261
4247
8963
12918
5815
10905
8454
3657
12778
856
8665
11639
8272
7388
12225
10362
11630
8262
7923
8260
12081
9725
13919
3243
11229
407
6389
12501
276
4512
8418
1374
9519
11907
5248
3437
1769
12204
12494
2216
5364
689
5279
4775
3902
9672
12196
9216
8415
10597
6636
6759
4466
6070
9205
4456
7596
2585
5031
11838
2203
10305
9442
12176
11136
7326
1275
5010
8834
4181
4401
593
9769
1941
2534
4865
8112
6725
2508
7135
7306
2504
4064
6234
1223
13623
12144
2298
2499
3766
8090
3474
7133
1887
9339
5605
1192
7295
11722
11542
13315
8736
5599
197
10427
1172
11020
13569
10941
3011
5243
6686
7799
2788
12637
7964
65
3365
13212
2786
123
4973
3351
301
12609
7192
9130
10241
10745
2943
2256
1482
4283
2179
9816
5899
106
9739
1813
7062
2861
99
11432
1585
1123
9733
7182
4112
3314
6672
6118
2723
4265
5869
12788
2031
2858
13848
11986
6112
1104
10220
5163
9108
7016
8274
2676
6410
13809
9561
4550
11957
7633
3204
7628
2607
13742
8211
8902
11867
4909
10341
13490
13041
8891
7605
9479
3630
10204
3865
5365
11158
3861
6639
5032
10320
6306
9452
3161
1297
7224
8165
1045
9096
6741
11398
10547
4875
11819
4662
10112
5007
8414
11397
10535
6733
8399
5454
6257
11796
1255
13647
1712
10293
7517
6236
7823
13326
248
543
1215
548
8782
8097
8437
9170
9367
2150
1007
3074
9163
4011
3563
3758
13968
3060
11048
4062
1197
11547
7297
5424
6530
511
9156
1871
12814
12302
4059
6699
95
5596
497
4134
13229
10769
2263
8553
2094
4739
4124
815
811
4630
12617
2756
10041
10044
7066
5556
794
1819
12587
6678
4730
12944
12254
12942
10015
1807
7724
7947
8535
7400
443
8308
5392
7029
7031
12924
12550
757
11941
10672
10371
8280
215
10663
9544
7679
9115
13098
12917
2240
855
7249
3513
9942
11214
1649
11206
5782
9932
2371
3907
7146
7376
11202
12905
10216
2620
7637
4472
874
1083
13297
6779
5738
12450
8879
8630
7233
11603
86
2342
9464
4453
5038
633
11156
10566
9099
1055
10562
3162
1298
10114
2324
3404
7573
9673
1514
12408
6737
951
10539
4080
3827
10141
3822
9876
8598
13976
8822
11786
3105
9398
12056
13643
555
348
12152
6922
1517
3427
6714
10486
4066
7161
7203
3762
10185
11732
7984
9341
1600
6882
11025
4828
6532
12299
141
313
5235
2191
12978
3370
10764
3368
11003
9649
11350
13561
8363
10742
12280
9627
1475
5400
6836
3002
7884
1467
229
3694
10723
3457
13534
3687
10013
1446
9598
7948
13842
9594
7034
12712
4581
9965
4565
753
1431
6426
8988
5391
2246
5822
11648
8969
3260
4698
6800
12519
10155
2670
1796
10647
13104
9044
8457
6109
3241
7671
6537
9523
5307
13779
8924
8921
7375
12210
2231
9504
6365
12487
8646
7370
13069
6353
4221
5373
8207
13049
9227
2603
1759
13039
12764
13470
394
9789
4897
12645
2332
5966
13702
5029
13458
9432
8849
11814
266
4417
4408
1724
8828
10526
7906
6266
11798
6943
4174
10882
13332
10501
8592
5660
12698
10825
6246
5651
13972
9387
11561
6921
13328
10190
5646
6217
13615
9353
7481
11729
1194
2455
1181
12995
12652
6865
8730
9152
11012
2809
4300
12292
10259
81
10105
2270
821
4742
7437
2087
124
8368
2420
8023
3343
1144
11323
2065
2950
3337
3334
10728
5289
9984
2828
5560
1523
9133
9131
10243
2409
10929
2869
19
10027
5876
1447
781
4002
4592
990
3295
5167
7722
1808
7701
13136
11274
1119
3278
2242
9688
12787
9554
12930
5810
4533
11926
191
434
10121
5972
9533
13789
11216
4919
3410
9109
10624
4917
3906
10615
12490
6789
1579
12482
7239
12678
4222
6782
1333
6084
9794
840
13045
1318
4458
8884
10583
2590
13711
4448
388
8620
624
13463
7342
8177
1741
9034
12418
9896
2159
11125
6738
2547
8444
5461
6551
4183
11102
1031
574
5274
8118
12158
8596
13286
14017
9865
10499
13633
11082
6026
13628
4848
532
6911
12349
10964
8579
1004
5426
3063
331
7846
13927
10442
8752
7462
9844
7461
13576
3553
322
6863
9837
2831
7444
9755
3020
6697
1155
13560
1154
2427
7131
3543
9141
5567
3005
195
5565
8405
2790
9667
2784
10774
69
5230
7781
8007
5217
225
8539
6494
11311
1127
9610
9281
3524
10231
2726
13523
5870
1448
1802
13379
2399
8684
5529
5847
9267
3950
6407
11266
2004
9260
7398
3663
5120
1528
11240
3650
11643
3942
11236
13935
4523
3510
11908
13089
10906
876
13766
12485
13070
13266
676
7632
279
4488
13479
9219
5066
2222
5063
10149
9482
2341
8626
7110
4092
271
12879
1626
9453
7223
10311
4436
7858
11141
3138
9426
4020
7554
594
9030
12004
13440
12164
13657
6262
7533
4393
2154
8800
12846
12154
12360
14016
942
9867
11072
10289
3765
6716
846
11747
8588
8772
8767
517
6204
13601
6710
10278
11552
1189
9164
3735
12309
4751
8409
3027
6568
2438
5292
10421
6005
8030
3551
4140
3419
2962
5333
12121
7440
6165
1685
5979
5577
9834
9994
7434
6156
12630
9658
11401
2782
1829
10765
11688
131
5946
12271
13547
2141
63
7883
13930
11681
13307
4967
462
9980
5223
8357
37
13197
2944
2258
6824
4267
13189
9277
6674
7040
3315
8328
3300
6120
1434
13156
9576
5316
1550
10684
3520
11946
6597
3953
7254
12222
7687
4529
4796
5385
12782
11230
416
2654
414
7380
6658
6386
1781
13778
3921
10119
1643
11428
12484
5789
8912
2795
9229
6773
13918
11886
9496
1332
3885
9480
11174
4467
13983
12884
5487
7229
6322
1747
11856
10898
7228
12185
3175
12873
10571
9201
4438
9449
5708
11824
2208
9887
2543
8143
6269
13446
10889
7320
10828
3402
6039
3588
9399
14021
4383
4074
6576
8792
3782
6223
8098
6904
6906
13617
9176
1016
6619
8078
12145
11043
13327
4754
10875
11726
13415
4752
2123
8741
11026
12136
1535
6014
4010
9849
12820
8044
4008
9157
6008
94
10423
7291
12295
8723
11526
12278
4005
5403
12665
6533
4978
7102
5930
13939
13909
6148
5231
4645
4646
9682
13538
10399
1667
8356
11334
13204
6480
8540
5199
2396
1800
2037
13518
9265
2033
6114
7730
10700
8674
4727
1588
7038
12229
430
2387
11647
4584
9253
10694
2018
7255
5814
7696
12095
12521
1095
10356
10907
11238
9045
4795
11233
8655
8246
8519
9516
11901
8643
1394
10657
13488
2227
2663
5116
7361
704
9525
3929
8635
1758
11491
7649
2637
10329
685
1632
1752
3212
11883
5763
4898
9487
5058
7914
12442
5041
8185
9897
11844
1048
11150
2580
4883
369
7582
5464
1983
4433
9198
6049
2569
2311
9436
13690
2307
12749
5008
358
944
6966
8498
591
9407
8817
867
1538
12649
3804
9864
4854
2839
8123
5674
8806
14010
5665
5434
6020
8107
6934
336
4842
1914
10274
5643
245
3087
4367
10489
4063
12339
2285
7844
7498
3071
9154
11736
9153
7155
4669
10456
8748
10432
12803
3719
3032
6179
9826
6173
3023
838
10245
12632
2948
2429
8372
3366
12626
9999
11698
7428
1484
12799
6834
11683
3526
5205
7767
9124
7419
13540
10736
6489
34
8346
10719
12682
7407
12248
11664
4595
780
3398
1437
8311
1587
4725
3673
7942
11288
4944
10380
7124
13144
4250
10373
7020
2002
428
13132
2822
1409
11267
6421
1646
734
9565
3270
12217
10903
5818
9918
7681
11932
210
710
1391
2656
6392
1761
8934
6083
9509
9215
3894
6345
5758
8214
11870
2849
13034
955
12757
6310
1571
9782
5027
12423
11478
5022
8601
5462
11371
4708
10140
13444
1037
11140
11827
3156
4868
8846
8159
600
5002
11807
11801
7853
12391
6527
10193
11103
8812
7303
12054
2520
5669
2299
10503
8115
6711
11784
1240
3797
5431
3792
7513
8489
1911
3093
4683
9075
1219
6222
8779
13408
8087
13605
6207
12127
11739
3059
10950
10447
11724
6890
6892
8058
6877
7459
1859
10250
5584
13394
5579
13916
4979
6847
1506
7101
7129
5920
2086
8377
8536
10738
7777
1495
127
4634
8465
7876
10394
10395
8534
10393
30
7123
6461
12593
2244
5867
6458
10224
10012
8315
6451
2704
13511
1421
3989
1410
4561
3974
7009
3653
10841
902
12901
11944
2686
13124
12087
3409
6316
209
1993
12424
1986
6999
12766
5016
3153
2320
7173
12410
8848
11585
8448
4869
5996
9879
3126
10143
5683
7545
13430
11566
3118
9778
13653
3101
13422
7520
5656
3780
11085
12143
11556
11470
11757
5430
335
13413
529
3564
527
12331
3066
937
2477
2474
13238
13409
509
10450
10788
13595
2970
1854
11010
10415
6848
12666
10257
4818
7431
1834
6690
8393
10176
11451
9664
1825
1130
7790
52
7412
11517
7752
1466
5324
4805
6477
8470
9278
5197
3301
13847
1596
2398
2705
8309
1107
9701
11970
749
3981
2389
5840
3397
735
12541
12547
9012
4546
9807
2383
13506
9948
10658
5109
2863
6106
7659
10363
13774
5388
1790
9935
11897
5778
5095
4230
13071
1091
11431
11894
877
5081
2232
11872
2605
663
5765
6081
12887
397
2343
2134
7928
10595
12457
11862
6329
3883
3197
8193
1748
2853
966
12435
12190
6754
3606
13354
9447
10781
272
1726
601
5997
6976
7565
12401
11809
9097
3820
9721
3818
2305
9413
592
10298
9094
6265
11799
9866
2523
12063
12003
4165
1704
6247
1237
12368
7138
1230
11070
541
10136
9167
12828
8092
2487
5960
11052
13237
12822
8760
6894
6896
7985
8757
5602
3050
12310
1182
6883
10186
3727
9328
12126
8566
7456
2279
5590
12812
7287
3420
8486
3704
10408
6692
2423
9990
2883
13963
5925
11685
11336
3355
10059
1487
1137
50
10249
10050
9630
6147
8546
8348
10734
6601
4610
883
6132
12102
998
13869
7952
1456
2732
12940
2042
7882
1452
8687
9122
10920
1443
11990
5873
5528
6802
5288
11290
224
7946
11976
3990
12235
5395
3414
166
9803
8669
5835
5389
2677
12529
6105
13370
12783
7383
216
11912
7244
9928
9514
13093
1086
12486
9503
10616
1766
12017
6654
5752
13053
13743
12481
8516
9040
3612
12195
7348
12475
4492
9728
6072
5074
4892
4028
11424
7616
11187
12872
7339
5052
6325
8873
10094
6740
3160
9440
2160
8500
12167
4776
13697
10546
1541
14025
7568
1973
5449
9185
6728
12006
9183
13666
2538
1267
7308
10513
6261
5677
7304
7536
11794
4853
8122
6629
1247
1934
3489
6254
1243
10110
8102
2981
4376
6019
6231
1906
13945
6916
9376
11466
13620
5636
4068
2490
3560
2278
1689
13321
7471
8053
11529
241
9313
1853
1170
6604
7153
12037
8547
13252
6681
7268
469
4285
5234
10925
1134
4640
10077
12798
10062
120
13535
4625
1485
3346
11331
10166
4731
6130
5897
4263
3324
11316
2060
10123
7728
5394
13157
7257
10699
8994
7705
3656
9949
6411
13120
7389
5816
12218
5127
12220
6400
5126
12097
4036
1396
715
13105
5386
404
6781
7676
13790
3444
1644
5308
6594
1366
1068
2632
9729
10152
7352
2626
1346
3208
9211
1338
7235
6067
8899
5477
3881
382
11865
3600
3186
1315
7329
3844
13004
11137
1513
14027
3497
10984
4411
12161
13677
14019
3807
3810
6961
3814
5938
948
6947
10199
897
8119
13650
4390
6933
13639
9390
8104
8580
3569
6232
10490
13258
3483
13924
6016
13622
10483
13282
10877
8491
91
3763
12051
9847
12130
4833
9354
11538
2145
4825
2274
10448
7972
9335
9332
3544
8050
9323
12993
5244
2442
3033
4652
6512
10772
9659
4987
4815
12608
13896
861
10048
11324
4617
4605
1669
13871
7060
1463
5562
10710
13864
779
11441
7735
13163
2871
1441
8695
11670
11297
12567
9962
447
5858
1114
7718
11975
13839
3667
12713
10000
2178
7390
11284
7395
9582
8675
3516
2928
12908
12910
6663
731
4548
2365
1778
12527
8950
1393
13485
1765
6559
3626
1372
8938
5106
12507
7813
5791
690
13112
12518
13796
6788
13792
8394
3440
13230
13785
2652
6377
8916
1575
7640
3217
5495
4691
4209
8910
4491
8220
6351
13340
1323
8397
4899
13721
11858
2848
2597
5482
2335
3184
10575
3172
621
4437
11594
12863
5275
2896
12402
1967
12052
2996
356
8134
9402
579
7202
575
9676
1926
2514
1238
561
11090
6935
10821
1222
4369
2193
4345
6210
6213
11543
5609
11044
2878
12811
11037
12809
6198
10445
3462
3046
316
8558
11390
6694
3039
228
1173
6872
9703
9823
7275
7191
1159
1846
223
222
7442
1842
12286
3700
12795
859
474
11364
149
7186
826
8388
7786
138
2757
3347
2072
9973
10398
4960
2038
6595
436
3669
4945
1442
7931
1425
426
2386
973
11383
744
13363
4931
12911
10668
4558
5834
8659
9548
13498
5508
7865
11426
6397
13492
9921
9532
963
2354
8234
9513
8929
11217
10116
13764
8633
4208
5767
1347
13476
1065
662
5358
8203
9481
1319
1062
12447
12193
642
10318
12441
12434
5726
2329
7594
5724
11597
3850
943
9893
1292
613
4072
12861
10998
844
1287
7323
3831
9429
2556
9883
7162
4067
7305
6718
13425
11795
5941
6013
7500
12042
6208
1695
12325
12319
7288
5607
1534
8063
9060
6193
1870
5323
9018
10254
11527
6874
6185
8429
13578
494
8551
492
2952
1161
3021
302
13392
13915
4651
4808
6169
5924
10078
10075
129
10812
7877
12601
3344
2938
100
1469
2937
2051
8336
6467
9119
6149
3000
3413
18
3519
7418
2407
1133
293
10025
8003
3690
7731
8325
9684
7035
10702
8458
5857
7032
5384
5155
12560
10686
8985
1799
1404
11263
8294
8974
11259
7689
5262
5512
6520
6380
7642
11492
3213
10804
7231
8450
8904
10201
4088
11423
7
11195
4487
4485
8205
5067
13477
13474
11875
2161
13046
13047
7611
2100
6336
3436
6335
4690
650
10832
9476
1316
4893
12443
13465
2592
635
12874
3488
4447
1050
6744
2578
8496
617
11143
252
2814
614
11468
5990
6990
6577
360
14024
3836
1975
13428
6031
9079
7566
3141
4416
12736
3133
10969
1957
6548
6703
10132
9848
865
1519
13239
3423
2518
13255
8114
8103
12818
234
2965
11448
2186
9693
5957
12344
11751
3072
4353
11750
1533
1521
12719
10251
10462
3458
2183
11038
4641
6684
12716
12621
4636
8052
3345
2762
1167
3342
7766
7261
11321
10237
6167
7071
6851
7758
2748
5896
7439
12596
6475
5883
9996
12580
13175
6468
986
13165
13159
11967
7024
6442
7030
13825
7835
11949
13126
5387
12706
5826
5138
5951
8284
2859
8970
9972
8421
5133
12704
10807
12238
7675
9541
10641
13509
429
5798
10635
1096
3234
1364
3914
2911
968
3441
8232
8236
4716
8913
13074
5771
12480
5366
6776
9226
2351
4087
3499
2901
11877
6341
398
10328
5741
13730
13339
640
8198
8887
5043
8194
11851
4021
4075
13453
5718
11839
6301
4186
10880
4185
4018
11580
7316
938
11411
8843
6979
2990
6290
9763
6970
5695
2199
159
7897
1949
10275
2979
8131
11553
7540
7894
3562
6942
10958
93
3098
13630
6235
1558
8788
1903
8784
6914
5632
4360
11531
8091
1895
13608
11366
2792
8552
5614
12323
2954
12800
147
12321
10081
4334
8755
5608
7795
11728
2096
2460
13214
5919
11354
6881
66
2779
11341
61
2451
1866
806
6867
11017
13884
11438
10046
5898
7151
3717
13385
6176
9622
13566
3336
5580
12024
3015
481
1462
13875
12592
9609
16
13377
6153
11687
8316
1827
7727
5564
3997
7149
13371
11980
2137
13152
5971
7017
755
1126
13933
5836
10391
3680
5828
3675
4942
189
11649
8954
10214
1386
7660
3652
9100
10210
6366
4915
1335
9236
13264
5751
13481
4774
11866
7606
12444
13712
8878
12436
13708
12871
11475
8182
2581
8179
9775
4709
10997
1725
8844
4184
6289
1279
6045
7563
1720
6730
7209
6967
9080
11800
9675
6963
4402
1714
7311
2530
2104
13431
13662
6952
5673
13423
3788
7515
11408
5959
12352
3085
9066
2192
10862
13606
10174
1896
525
12035
327
4145
12813
5322
8744
13586
4312
8038
4998
2955
12288
834
13961
6508
5977
10069
2774
7788
3367
999
8015
10060
12614
5563
6839
113
12103
13195
13998
8012
2747
8344
33
7749
13183
10727
2044
13244
5554
7738
5877
9121
5166
4274
4963
9574
10691
4570
4109
13134
3681
2927
4545
12096
720
6402
11939
7935
900
10638
12500
12775
13500
12913
12228
4516
9522
9939
9515
3235
12219
9245
8920
6793
2854
277
13751
964
10347
8903
1773
13051
13491
152
8645
11188
9228
269
1326
7358
12455
13032
6077
10833
6762
8622
12876
204
5475
3601
4884
6747
5471
8176
2846
6581
9031
5992
1282
3139
1274
8831
3429
9417
3590
595
4403
8599
8136
581
8126
10974
8485
1242
5668
9395
13646
2198
2811
2507
14009
3472
5648
11767
3571
13417
4363
1009
4354
4148
13942
5327
2479
2476
519
7981
11733
10169
2468
10441
13590
7808
7105
13962
5239
7452
13221
4820
830
5321
7787
135
3358
11342
4045
5219
11002
8359
13303
4619
6849
8342
2059
12273
5886
8014
4119
6472
7266
5947
10023
6456
8313
2251
7421
3696
13845
9288
6827
2702
9810
8997
1414
4569
9969
9116
8402
5130
3515
9964
901
3948
6810
5121
8676
3255
7399
9107
8261
6385
11221
1377
4244
3919
10213
11215
2114
2915
7653
969
9521
3913
4502
1780
413
6368
2621
5085
9917
12474
7624
3629
9786
12461
6342
4211
8449
6766
2210
5488
9473
12438
8875
12187
11846
259
6300
5711
3434
1285
370
10541
6624
7557
9197
12057
253
9419
6732
11372
4687
1718
251
10521
1947
6956
11465
9875
6575
5451
2891
10876
10874
1937
3426
8113
11093
9393
1923
4377
11409
6713
4373
4748
10487
3090
1901
7134
11067
10177
13614
2190
1898
10471
9357
4834
6205
10264
1882
6895
5604
9747
4328
9151
2109
7154
2184
9146
318
6566
1867
11714
5290
1682
2063
2080
10068
10437
9140
5200
2061
9054
13397
9620
13573
13179
3325
304
7742
6862
13167
13849
7041
1840
8035
12562
11513
4726
2698
4001
9981
3972
7949
1818
6416
10679
13957
2173
10912
12530
5538
13522
13245
11938
5125
5124
3674
3514
6660
10221
12925
12517
12230
10643
5108
11632
13095
13954
11909
4233
875
3915
8923
11629
4029
8509
8507
13761
13952
2628
6355
8501
3439
6346
12466
8897
5491
12453
6764
5743
12449
12881
4200
4461
1308
12878
5035
3860
8863
7904
2573
13455
6293
9431
7578
615
7327
11811
2844
9199
6736
6048
8413
9000
2542
13675
12165
7551
8815
3119
8438
2529
1252
2526
353
7537
12379
7898
11459
345
6715
1228
9710
2502
12693
2196
2106
9372
13621
5633
1207
12332
10861
5622
2482
10858
13599
1193
12808
10948
12030
11528
1178
6691
12994
11365
83
13228
836
11701
2444
9319
13224
4653
9314
4122
144
13905
11699
9652
6505
3710
2942
10751
995
12613
6163
6499
10401
5878
11304
7059
6481
9599
5179
9976
4583
5552
11501
8690
4560
11964
7019
7708
2014
4696
9960
6409
8278
12526
2679
3668
5129
5261
9952
8268
713
13108
8964
7672
4528
10650
9944
6655
11636
1379
4518
10358
8252
2916
3504
11905
3503
8243
3438
10621
6648
12223
4923
3903
13063
11419
5764
3898
12902
9495
9243
11620
5754
659
7369
1327
658
1080
960
4470
11613
4463
2157
3180
6552
7357
9462
4210
8440
1054
384
12420
8857
9203
3148
4078
6981
2554
1735
6283
6050
9194
7319
3124
7824
8810
1248
11783
6612
1710
7523
9072
7895
4747
3391
5332
557
3570
7503
3781
4359
5328
3465
11064
2833
13611
6600
9165
3757
7195
8077
2974
3746
2466
9333
9742
13302
12123
5918
3729
7286
10066
9644
5912
9741
5893
2110
8034
4997
12802
5582
2176
485
27
7963
22
10811
2426
1449
2425
2111
4982
11993
13550
11982
13846
13161
2718
1674
3698
13546
4803
9295
2402
13139
4568
7012
10910
981
7007
4101
13812
8291
11265
9272
10666
5132
3508
287
9954
717
4540
6406
4255
978
7663
13107
9947
11223
11904
1639
12499
7646
7385
1636
417
6363
11631
7920
3638
4486
10352
6644
2220
11182
2355
3198
13729
8638
12448
5278
4214
4462
2902
634
13018
628
9029
389
12192
6309
13014
3496
12426
3853
10890
9443
13002
4419
3146
7217
12180
8839
7558
8833
4407
8140
12398
7550
9712
3482
580
5344
8801
9074
2886
5297
5445
562
5444
11375
1920
6610
11777
11086
13421
6237
13419
13416
10863
4668
4154
3079
7197
4151
4007
4047
9158
507
13592
4733
2794
2968
7106
8056
7466
4649
1507
10852
2785
4639
9657
13219
1591
7773
58
12298
9320
12117
39
4613
1476
10030
12597
310
11305
2431
6469
784
5578
10248
12282
13173
12110
2827
10706
2724
15
1675
9700
3534
7426
13133
3288
6429
13836
3993
5174
8543
6561
8979
12545
1584
8290
4277
11510
2687
4270
730
5543
4956
2683
13808
10808
12249
2237
723
6401
11936
4524
10378
9958
289
7247
12239
7929
2640
7174
9798
8228
10606
9250
5080
5247
1779
5742
641
2357
6093
8641
6314
8877
2219
8871
6
9214
1755
6579
4084
264
11131
3832
3145
13686
6292
9092
5699
9424
7337
12182
1617
7902
8603
12866
11396
2540
6273
586
7325
12697
13656
5676
12376
12377
1935
12742
11373
6248
9186
1924
12735
2999
5659
10980
11776
3791
11759
6719
1706
2194
538
12337
6907
6211
2295
3760
3073
1890
7887
9062
12138
8070
10960
918
6701
1875
6012
8574
1874
13405
7194
7819
9056
3041
1177
4657
10434
145
9016
4644
5922
7970
6502
3546
8727
11327
5902
6856
8353
12113
9618
5266
13181
791
4126
8018
11992
8705
5183
4724
10934
468
12962
7871
7424
13153
13841
8310
10157
8005
4564
12261
1817
5399
9809
878
984
11951
13128
3274
4100
13101
1112
3940
4797
3249
8257
10219
4510
5796
13782
4939
9038
9259
5379
4932
11204
2633
4097
11885
3207
1572
661
1097
12643
9033
12456
13732
11628
10093
4464
2130
13352
11616
11853
10579
4449
5037
6087
1760
8175
13700
7355
6997
12416
1977
9438
10892
5479
5963
12404
381
10138
6973
13947
10530
13337
4409
13454
11802
10996
10520
13923
4701
9878
7318
10135
7529
12374
7314
1562
3477
4860
354
9073
11569
2149
8099
12345
5628
9708
8082
2146
6209
12327
1886
7483
7473
4837
328
9680
13306
3732
11717
3555
5412
2450
10431
8735
3037
7455
11338
5240
10776
221
1851
493
6534
5900
7775
7088
3712
116
7443
3335
111
1153
309
10043
3539
7746
4294
7745
4290
5185
2046
11979
13850
10017
13838
13992
1426
11971
458
5157
13830
11675
9579
13827
9563
6136
12528
7693
5544
1805
6404
10839
8960
3264
8251
5807
10374
8247
2395
4794
8931
3922
9104
6378
9508
282
13068
13759
11889
13064
2352
10602
6521
13746
186
11876
7356
11868
10326
10592
6327
3179
2594
1998
13021
3171
3857
2218
8858
10553
610
5474
11826
4428
13975
6299
3837
12756
1731
7332
3823
6288
8144
2544
1042
2841
12752
9881
4871
6268
10517
6258
6938
9187
13644
6929
12741
6618
4371
10492
9861
5439
6917
12733
5940
1902
3078
8768
9068
11049
12133
4144
6184
6182
3718
7454
9832
4303
4734
3025
13572
3706
308
1839
7271
11695
11518
8383
4648
851
6504
9654
12026
9648
11346
5568
5911
473
3352
4629
7779
1826
4627
12956
104
6485
13192
8002
907
194
9967
2175
4955
1661
799
12790
2932
6562
2117
11654
12661
12585
8329
7253
12785
13856
1106
5172
4586
7033
7397
3512
12561
1422
12915
13122
9249
5820
7243
13299
3957
972
12514
9547
3265
5507
2642
6381
7667
2659
13793
13763
4903
11892
10603
5766
2350
669
7627
8215
3621
12767
1330
7614
11186
7232
5059
1633
12199
3188
13030
2908
9210
7343
12425
3167
5715
10827
13345
12868
9891
1540
5357
7555
12859
12395
13671
13338
4400
12671
1722
5458
11473
11797
5670
4397
8125
5675
4180
1717
2303
14023
8111
11091
12844
13636
4855
1224
12356
1212
1213
847
10481
8778
7495
3075
8578
4344
10465
8076
3469
10457
8067
10957
7296
11450
504
5420
2280
7458
9839
9707
8557
3029
862
10168
7277
9828
3378
13563
10763
4642
13391
7082
1148
884
2754
5978
2945
6680
12714
102
1830
4603
1135
8338
8537
7417
8335
10102
6139
5880
2045
8332
2401
13852
7053
10389
3305
5540
3303
299
2022
754
13833
8304
10003
9802
8995
982
10688
1416
10372
9011
12531
1402
4245
7691
12231
6593
5949
2664
5123
4238
11635
4928
7240
10633
12216
2643
3924
406
4913
3229
6784
13985
168
13247
4714
9232
10625
4713
9914
12085
12897
5497
13980
6343
12460
8206
5934
11183
6337
1325
9670
13036
646
8197
184
12005
4454
7168
4199
9898
10558
13698
2570
10894
7222
603
5012
6632
4083
8156
1968
2318
12173
5697
2315
3490
1955
12856
7547
12748
11105
1258
1615
9085
3486
12385
7538
3801
6722
7534
11792
6616
10976
2991
5338
5654
8105
8100
7300
342
547
2986
13320
1217
1205
13411
12825
337
9359
5626
7986
523
5330
8764
3058
2472
13311
2465
5980
8471
2448
5586
10424
6689
1532
9305
7193
1555
13562
13542
827
1504
4288
71
4984
12969
5225
8379
7267
10792
10067
6826
3354
2177
7776
1125
7079
2070
2763
454
13995
7756
7259
9013
2245
10720
5542
1433
2710
7736
7128
437
5154
6434
12557
12558
5522
4559
3281
3658
6536
9556
423
8666
12227
8520
2672
10840
701
6398
8654
3928
415
4511
13092
12900
11210
4504
3233
687
3223
13080
11203
5779
6586
7366
7634
10604
3501
8511
13058
5073
7612
4781
8895
5744
12675
11489
8880
3608
5729
8869
11152
2325
10560
4019
7166
10548
10303
7571
1959
6279
3130
8132
9088
13235
11578
9084
6951
1940
12842
12383
11793
90
5299
13651
567
7521
6932
4368
6918
1218
11558
9168
12650
13616
4667
13603
7158
10864
888
3748
2879
6007
12311
11534
8743
8745
8059
6885
9327
3044
13583
9321
10428
496
12988
12689
10777
2269
6857
488
9660
13565
3709
305
7960
59
7782
7784
12971
4970
8013
1488
9991
12967
10744
5318
7420
2749
6486
109
10239
5891
1471
993
6137
1812
7122
8324
988
3311
11293
5864
10384
297
13843
4248
9586
1529
2138
738
3284
2172
6414
2171
1794
12092
7683
1787
8254
4513
9930
3507
6383
7657
1526
13499
4675
2802
5503
4911
6785
4501
2359
6538
273
10202
1064
12496
6761
6075
7830
3219
4710
3435
5484
1355
1059
9720
9208
13755
11194
12469
1337
899
8608
10304
5991
5054
12061
647
1313
10139
2595
2588
5723
9882
13008
1030
13922
6989
5962
9434
8439
9428
351
6974
11114
11410
10187
5442
1946
6613
4850
6549
4665
7803
2983
2982
1225
3568
13624
4365
9851
6221
332
7888
3067
7486
8570
9349
7157
2461
10444
12991
4318
12122
6001
2433
11403
10127
3456
3395
8703
9989
10939
1822
6141
10850
10936
4813
10779
5539
4654
5535
4262
7104
13900
1501
2090
2760
2077
9643
12619
817
3332
5525
13185
2052
4249
11511
3326
5882
11506
4110
7051
13176
5518
10236
8323
1099
9248
2717
3306
12904
765
2364
13135
7018
11277
6783
4220
11937
6405
11499
4536
12898
3939
10333
5103
2907
3220
12492
12194
12488
3611
4896
13072
10612
5362
5772
7340
13752
5768
2211
10893
657
6338
3492
11180
13040
7167
12446
5047
13031
11167
12171
5034
630
6625
5030
6307
1987
5706
4434
9441
9082
3480
4663
6982
5005
1709
3479
11395
6028
10511
6263
12833
11098
10134
6023
2984
4685
4845
5649
7804
11769
7990
12040
5634
3467
1206
5616
6899
11727
513
3557
13404
8562
8732
2275
7974
11533
11007
9303
1594
8025
9831
4296
1833
12279
9298
10851
72
10938
2093
13541
1499
1494
4962
2403
12946
10061
6822
6683
8350
2755
7839
3339
5202
4947
6682
8682
10725
13190
12926
3328
9819
6116
8677
6115
4117
11308
4937
4597
7837
5523
858
12574
10364
12573
13381
4242
10008
6447
213
10007
7941
1432
3995
9801
6591
3399
405
1415
4562
7236
1640
1641
6422
11935
10837
1076
10205
2906
8212
1339
10117
7109
9213
4477
4473
5056
11172
5049
11857
11369
1310
3433
11164
13026
3494
11162
7595
1300
13022
8876
9892
5709
7216
1568
2204
4877
10884
8398
13334
3487
5698
6285
11116
6969
6958
3812
939
180
4862
578
3107
1707
5988
8590
5655
6923
12834
13626
6910
8096
7848
3083
8582
539
13618
10109
11745
11058
7992
2294
3470
238
9852
13602
11740
8759
12137
11549
10270
330
3052
9336
9337
3421
917
11721
6192
7463
1174
4142
2832
9318
3720
8430
11532
10855
6695
1165
8556
3379
7280
6514
12116
8378
133
7190
9992
2772
2773
7152
54
7780
1590
6488
8351
5206
8340
10159
3450
3691
2049
8545
13537
453
455
8542
13271
775
4591
4261
7706
1420
4579
13811
3970
11961
12922
432
5817
6592
3947
5510
1654
3647
9535
6661
8943
4231
8942
7668
12214
9929
8918
6369
10627
1369
3923
5504
8518
13489
12478
6096
10835
2163
5999
13478
5761
4482
13734
13044
5749
13038
7911
8883
3406
2212
8881
7141
1309
379
8610
11837
1303
260
1299
5354
8856
3155
9717
7901
8852
12407
12672
5349
10195
4073
9422
2310
9189
11106
13661
3111
894
8805
349
8106
2506
2989
10973
10493
9173
1904
7996
540
10099
13619
9360
7499
10820
239
1894
889
12038
3057
3055
2286
2464
12721
4832
12817
10433
10260
12634
6513
13222
9315
2182
10425
10942
9312
13202
7094
2434
1841
7841
7769
1149
7967
7057
7757
8345
7074
12686
10711
5189
7741
9988
12960
10162
13859
772
6460
9985
2140
5175
771
1132
11294
5311
10001
9282
11962
10693
10695
446
5144
8981
903
7870
5533
12243
5952
2390
7943
726
8538
9813
1797
1655
1791
5813
6101
11927
9543
5111
2136
9529
4232
1647
8937
9527
8453
9240
2630
8235
8925
8930
13091
12659
9913
13762
9231
4493
10608
13472
13088
699
9526
8239
6375
6585
5787
6361
4496
8503
13349
11198
6753
11593
7615
6340
9886
12858
6553
10582
6324
3862
1569
9874
5026
6627
1021
11138
1017
3151
11820
606
9715
2551
11467
4162
5690
1608
6965
12829
8138
11111
157
9698
13664
589
6270
5667
8575
569
4389
1917
7518
4356
531
5419
526
10180
12328
3756
6004
9348
1686
10947
9750
1187
7468
3036
11024
161
8039
7843
5581
1150
13917
5927
12639
13218
7797
9993
5229
2253
5291
5908
5561
10065
7422
9296
6670
10126
10918
112
5393
5267
12600
3341
12945
6820
1810
11665
4269
7753
3329
6814
441
7250
11298
2721
8671
764
762
13154
2381
425
6440
5854
4241
9732
7387
7930
3296
4924
5159
3646
11275
6560
3290
8651
13129
8980
2800
9566
3635
727
1400
11947
13248
3628
4695
12084
8264
5304
2821
5
12083
11606
12082
2657
5489
839
4519
12503
4779
84
3909
4692
3609
6358
12189
1057
10605
9788
6750
3203
10115
12465
872
654
12069
8396
1036
7600
9718
4079
7591
3856
13432
8172
11147
2816
8171
9179
3387
7577
8851
8160
3839
11812
2548
3574
13674
11803
1953
12396
9409
8130
13324
7539
7541
2531
13970
3796
9161
8795
5425
4838
545
11541
11748
3069
13604
4139
8563
1536
11407
6200
3752
9754
8561
9345
12036
11718
3547
10171
2107
3045
9749
7965
6190
5592
11523
9746
8042
6175
3705
915
10246
9134
5575
4988
4986
5572
2259
2419
10104
7120
9811
10089
6517
13912
7415
4728
13207
9653
9970
8362
7089
5541
13994
6816
7085
35
9114
3333
7184
25
2925
6471
10908
9255
11303
11306
2032
11996
782
419
3649
8456
13146
7713
10004
409
3298
11621
1549
13829
10215
11617
4719
13487
739
3975
7834
11950
736
2694
7692
5134
12533
9727
3955
13483
11934
4539
8276
5372
1388
11921
6073
12883
6642
2162
9036
6373
13467
1058
6348
12476
11878
12464
10309
11590
12177
8602
13438
7317
3491
13714
12156
4661
8594
2577
352
6994
6578
9433
3154
13427
1970
3143
10528
181
3813
4688
5679
1253
1245
1927
1928
7527
8488
1226
9850
1602
12046
9377
4839
2975
7298
12343
9071
6009
12731
927
4355
7159
8081
4340
11535
13926
3550
8072
11734
10451
6602
3051
5982
2876
6199
3049
5325
12998
3725
11377
12690
13580
9322
6687
6861
10129
4992
6855
3702
9055
9743
3532
1837
2781
5233
11356
80
5396
3525
10404
64
2415
12272
7097
11677
10058
1553
172
803
8530
9289
12098
10390
4616
7764
98
10846
7938
7406
7754
6483
4678
7748
10036
7183
23
9607
2394
2922
12090
6807
3316
4720
5530
5264
5863
7043
2024
11295
2714
4792
759
5513
10692
4031
5844
4226
2823
11262
4557
12510
8967
3269
9562
11234
11922
8945
2909
12010
8242
6760
2336
8621
5781
13981
10617
9506
6758
1344
2624
5476
1053
2903
4880
2797
1044
373
13042
2317
13290
9474
6321
4870
5733
10986
9459
7589
3852
6034
2995
9868
2557
9177
10881
4410
7210
13424
4164
1259
7113
1257
9172
340
5989
577
1938
13655
8807
13654
1006
12370
11550
4753
4152
1604
243
7115
3400
891
7136
10133
12341
11066
11065
5334
6215
2967
9358
5417
6202
4823
3061
8433
11723
1681
10439
8737
7806
1847
6171
1158
4125
13305
3701
1556
12968
1836
837
7263
7879
5569
4981
6157
139
11357
4670
4643
11349
10076
10917
5226
9051
13208
6830
4279
13897
2759
9626
8460
5201
4272
3686
28
8688
12094
1803
12931
5859
4576
11289
6659
1109
9569
10681
8297
13365
8679
13114
3959
12534
5260
5128
11243
13503
1389
5112
12680
8657
7927
1775
3931
10337
9
11914
12894
13099
7863
11225
3622
5100
12885
11638
4030
7645
10091
3215
9931
6362
3900
3442
9799
12477
13357
12207
3202
9920
965
12467
6347
1574
8199
10145
5050
2798
11854
6323
5042
12071
5039
12880
10317
8445
9895
6057
9444
6993
1982
4867
11576
6975
11574
5452
8835
6286
5696
10785
1954
13669
6723
13667
8133
12839
8811
3117
1254
6945
4756
5343
10822
5437
8584
5985
9392
10495
4684
933
536
3559
8083
4349
5613
3068
4336
2966
11035
8749
2144
1184
11030
13276
6567
11022
5407
2440
8036
9015
12972
10420
11389
10856
6510
3374
148
12109
8380
9014
13215
13557
1147
13213
1143
5227
10750
2768
813
1828
5214
13384
1483
11508
7189
7073
4729
1440
7049
463
5265
4588
5953
4577
3992
13147
6439
7188
13832
3292
8993
5948
13376
4563
7014
13932
9572
8288
2116
13123
6133
13530
4271
4954
3411
1384
10651
12524
11911
5105
12502
9685
6557
5526
10153
5382
5281
11207
8928
2645
5793
3221
5769
2167
6354
8512
8217
2796
1771
12472
5075
9488
3890
12895
8893
2349
11420
1071
13232
3620
12886
3177
5727
9212
13233
4895
3170
2334
12428
12427
5994
6304
9450
2326
11417
8609
4196
1729
9889
11589
5463
4873
8850
5455
4413
12160
1958
1270
945
12000
9411
10524
3389
12394
5448
7546
4169
4856
2525
3576
7999
3108
10505
8804
12373
4159
13648
6709
4846
4388
13641
10963
11766
12353
3779
3772
9678
13943
2493
6219
2887
3473
11055
10953
11537
6889
7476
9838
10945
4824
11454
8559
2457
7469
5408
3545
8728
9691
12115
8392
8029
2432
7798
835
1676
7794
8713
8712
2870
9057
13210
3012
7098
9136
4120
12107
10933
121
13553
5212
11328
5558
13882
2825
3692
11317
12791
11437
9977
795
7416
5194
13177
220
2730
8531
12022
2243
10915
13936
4961
4697
9595
9596
10009
4957
3968
5153
5165
13155
10386
10676
8525
9800
444
11255
9955
3245
8946
8948
5117
8961
12523
3664
6370
1362
12497
8245
6656
1580
7391
6420
3506
9669
11953
12539
13119
2678
11495
5808
11496
12513
3250
13494
873
5110
8947
7364
4216
5368
13784
5498
13294
5799
6382
6641
5496
11209
4500
10623
3916
1360
10618
6583
5088
2337
8901
2618
8908
13052
3893
8208
10314
5062
10783
6061
3869
11592
4450
8867
631
7330
1990
11831
1296
12414
7852
2564
609
2205
608
13692
13973
5009
1277
1613
11119
6281
5273
10529
1945
9077
10966
6705
9853
13323
8120
6249
10954
1697
9760
5653
11457
2122
7976
10867
1520
3549
10473
8771
2808
7969
11050
8065
8061
2264
13308
12308
13594
7470
2446
6866
9814
13910
11512
12104
12979
13567
76
11343
7087
10063
8714
10413
5208
7836
9628
7432
5571
7070
11690
12588
13168
6462
9734
7127
13374
13853
5180
10705
11667
8301
7720
12569
5860
2029
2924
4674
8522
13369
7703
2007
11270
3655
11642
13818
4658
12773
7866
5280
724
7143
4542
3642
4914
8451
3933
8255
10639
9225
4212
1376
8244
12073
7171
11399
5249
8914
956
11370
5756
8612
12454
7604
8886
6060
2596
5737
13710
6317
7220
9454
6313
11835
8864
6043
11575
5939
4861
9087
11129
10292
10098
6029
3579
3134
10879
343
596
1700
583
12387
582
13325
246
11393
8121
7526
13640
2810
2281
12129
4141
1916
11087
13319
11456
5336
1690
11768
3783
11078
10488
7505
6230
10482
8480
5629
4821
236
6203
2481
5945
4819
1679
3741
4816
3416
2265
9681
13396
10247
9745
4313
12106
11703
5320
7956
12797
12981
5587
13571
1156
10232
5973
4609
11309
4677
1461
12277
1458
2414
9987
12961
1142
7737
5312
6835
13851
8319
11988
13373
7039
10011
13532
8523
7036
9966
11278
5170
3996
12780
13953
7242
745
3662
5149
13514
3961
4547
4789
7688
8962
5376
10656
1798
11924
8951
6108
1381
3240
6555
9936
8936
207
1631
6364
8919
13082
8224
7172
5367
2622
11880
13739
4478
4777
10599
10344
4022
8
155
11611
8191
8872
13948
11843
12198
4771
10321
89
1992
7590
5485
13012
11415
7854
7218
619
6998
12188
11474
10887
8163
7569
6985
1043
10786
6277
3809
5678
7322
5666
359
11780
1518
13635
8101
9386
5340
10491
544
3475
6902
9361
11060
5618
10130
3392
7489
339
341
12827
4840
13406
1693
12723
921
7289
8428
6868
9663
8390
7881
5405
3541
12284
8027
913
11696
3364
476
12623
8369
7096
8404
5905
7090
9824
12656
9821
7772
4123
5210
3007
4976
7760
4975
4280
6831
4608
8347
2936
1464
1129
7056
11671
6445
2706
9592
5850
9280
6665
4572
13525
7404
13143
449
13828
3980
4798
2235
7245
10805
10377
5531
13813
5969
13805
12702
4718
11645
4927
10361
6589
4517
7175
12495
13085
2648
8226
2367
5762
8216
4490
13754
13758
1089
3896
6640
13495
652
11181
6091
6333
1322
12760
6088
11861
6331
953
643
7599
12432
7909
12753
13466
2576
8618
6526
8859
618
8169
4704
1293
12181
6058
377
13688
9425
7163
254
12175
5692
8830
11464
3591
4866
1537
9024
12367
3478
12155
7502
1025
12342
8095
10285
10467
6712
4330
5600
2977
11546
8740
1873
9692
13584
1860
10265
10429
1856
10791
9748
4826
6864
8033
4003
1531
12975
9143
2953
3010
1145
4699
2865
11358
7959
13903
10074
2946
853
10927
6833
9986
2074
12616
2408
10055
9010
110
11672
9615
1659
10031
12586
4108
10230
7811
5548
12584
10016
450
3679
13526
5855
6819
13529
13826
3986
445
6424
6811
11269
2693
8292
11657
6123
6418
5783
5089
2629
3905
1545
8514
13358
7394
2375
5753
9790
2601
8505
4778
3875
871
4460
8647
5734
5048
2129
7368
6318
1307
12437
12673
13707
12892
8634
5722
12431
7827
10567
13013
200
6580
1984
10784
7567
8154
11815
6066
2323
10308
4703
7851
1614
9412
13450
3122
9771
587
6957
2522
12695
6726
9764
6245
10290
6240
9389
931
3786
12358
5441
12045
8793
11764
8484
6224
5438
13318
6900
2882
4147
13226
5331
10085
13403
11041
10266
4332
11355
140
13209
5907
11033
4631
4738
7975
12305
5414
115
9702
1472
7075
1597
1683
11530
6542
7750
11313
311
4601
11443
5191
3321
10721
9611
8425
11014
10810
1451
5875
12581
4302
5872
10412
7441
2430
8031
13166
2034
10019
10005
3533
8303
13389
4289
758
5397
8996
12958
747
13543
5148
10683
3693
10678
4038
5142
2935
3279
12259
7001
6415
3958
5545
10388
1583
10661
8956
11247
2675
1582
5115
6393
5801
9959
12093
11429
9008
212
8681
5532
6657
11906
6806
10630
6804
211
12483
5078
4934
12471
9499
9941
666
13050
9493
4095
5064
1092
3641
11488
12211
9671
8447
4225
1312
4023
3633
12759
11612
3169
1994
5716
8866
3847
8170
4435
11142
2567
5481
1289
10538
4077
1961
6287
256
4881
4194
10824
9890
10523
10302
1041
10510
7208
362
7524
2512
1027
1234
1026
8108
6572
11775
558
3790
3580
4374
9382
1019
7302
5440
11758
11405
3771
10277
2195
2488
11378
1891
4681
8075
11730
1199
4333
4831
10778
4325
6886
5601
1508
505
4324
4650
4321
11337
4628
5411
3043
6491
2758
4621
12997
6189
1474
105
11708
5259
8047
3331
3330
2731
5881
8334
4599
8028
13162
2262
10407
12963
879
2249
6677
10238
6431
4971
2411
5156
6428
1131
3285
11958
9047
9117
13817
12262
10798
12540
10914
3676
12936
5283
6539
7690
6124
8683
11250
2653
11228
13783
9106
1336
4489
11610
11190
7619
3624
10092
13043
12893
7917
13728
7177
1753
9904
3878
9470
1305
6308
3859
1622
9445
5017
10551
7219
6984
7572
6051
13447
4422
10198
11126
5006
1280
13978
1966
8497
13443
10533
10194
13676
8825
5457
3121
4176
3589
4863
2103
6950
3112
11461
12375
6941
1239
1603
3798
7309
11089
10823
8798
9070
1703
13317
11073
10282
8434
7847
12338
2491
3422
8086
3070
7493
12725
6897
2469
4146
2969
6531
2961
2873
3721
11402
12984
13216
12296
13399
6500
4127
10418
12977
10752
13564
486
13899
9635
5215
13200
41
11325
13891
4622
1140
13877
7751
2741
10035
2806
7747
10164
1592
3320
9979
10021
2247
989
7408
1124
13958
12250
13160
12938
2027
442
12564
12927
11281
10697
12237
190
218
5137
9555
10665
2384
1397
7934
4925
4527
12909
12505
8658
13267
7661
10902
412
3911
11211
7647
5773
10611
13988
6780
11494
12080
1762
11873
12462
3199
11184
10331
1072
9907
3191
13726
5490
6079
4201
9900
13347
268
6637
6755
3855
13011
13344
7910
6633
7170
9448
10313
5023
4082
13694
2561
10999
13979
11418
4076
3834
10995
156
3132
3595
5688
13288
12163
5684
5680
11573
4175
2528
2840
6948
3585
2889
4686
10291
563
6930
930
13257
4375
1563
553
13625
12669
2498
924
9363
10476
5627
533
14005
177
2834
11551
515
7487
12821
11036
7465
4682
6873
2273
7282
7281
2447
10857
4006
10940
11379
489
13902
8715
8374
9301
6154
11692
11694
11697
2082
2941
10926
10928
8467
2073
12796
46
4623
12947
7413
1815
8009
8698
3310
13
7054
2733
8337
1117
7045
8461
11504
10381
4949
6454
11661
8307
2021
10002
7719
12565
2020
10809
11960
1652
7872
13821
3273
11258
8664
12512
13802
4936
1382
1387
9528
12906
12703
3502
13773
12771
2801
13767
2362
5082
13757
2627
7643
8231
11615
5083
10334
4094
2221
12079
11884
3201
1
3888
9484
3887
5748
9901
10147
11422
3871
11852
13293
6757
10574
1625
9451
5936
12875
11832
13460
4431
10800
5469
5705
11822
7112
9435
6628
7213
6295
368
2555
7215
5352
13234
3829
3599
8829
940
12390
8820
9768
12850
2304
4864
3115
9078
8116
10500
7310
4379
11778
5252
11084
12351
8791
1214
8780
11063
8777
11062
3077
3076
848
9709
2480
9356
1889
8756
5612
2454
3556
10438
2108
6187
9326
4310
12720
9316
5409
5583
9306
1845
8555
2428
9997
1554
6842
4291
2949
11362
912
3375
13907
7100
1139
9656
1489
3688
5209
1820
10053
11329
10233
3455
1478
5204
8533
11322
1660
13527
5313
7067
13996
3451
6535
9683
13375
2804
9956
8528
8992
1424
12563
2388
6419
1413
435
12929
13127
10120
8668
3448
2689
9111
13116
3937
11241
10154
3644
1093
8250
5505
10349
7179
11903
1638
11367
6646
1343
12701
11196
4659
13737
9486
10594
1311
9471
9466
1744
10569
10315
11836
11480
11830
6995
12422
6064
7579
4887
2207
12865
2316
8164
6055
1972
11818
7556
10532
4071
1952
9081
2536
11413
7544
10512
7205
1936
11570
8808
13433
2890
6252
7525
5664
7516
11567
11772
8595
3582
9381
8789
11458
11563
11754
8589
12340
4849
10475
2835
2985
11741
12651
11554
13312
1186
849
2284
10269
10173
11032
10256
12990
12986
78
3362
12629
7793
12285
10814
7962
13890
2076
808
12605
9820
10740
6492
5566
1141
4121
4607
9617
7818
164
3531
1465
5887
7423
3699
12595
997
1821
3318
4041
7723
11
165
13840
11977
5286
11286
12662
9276
4000
11966
11279
8686
13131
5131
12241
4935
12236
722
9552
12515
5122
2860
8952
5309
12508
7181
8401
1368
2377
9512
7652
2228
4918
280
7648
2226
5097
12206
7144
8400
6647
10208
9235
1084
1352
10613
13486
4219
7918
8636
11368
7626
1577
2164
664
9218
2609
8417
9098
10598
3385
13725
11595
5732
11849
627
10557
5011
13689
2200
6044
10983
5345
8141
9767
4755
13259
12399
12843
1264
12739
2533
9027
1516
6940
2987
11785
3573
5661
7899
4378
6229
5644
14000
3425
2976
178
8776
12134
3764
12819
11544
3754
3751
13967
3750
1888
8565
2475
11046
7479
12667
6003
4827
12807
12119
3042
11442
6543
3715
10252
1162
5975
5238
12625
13201
3708
10937
2752
43
13888
11307
13180
10722
2740
9625
6151
4293
9606
10717
8004
3309
7733
13170
2728
6676
10006
7721
5176
11985
2719
11434
12794
5398
2013
7715
9284
11273
2006
11956
732
3964
2690
10376
2929
13118
7936
3660
13508
4246
2919
10652
11242
9042
1788
3251
13097
11224
12504
10648
4228
7651
5786
13769
3225
13497
6098
686
13077
9230
8230
11893
9224
1345
3209
4
12761
4027
2610
11604
11484
4026
6344
13733
11175
5055
5053
1742
7602
12755
9899
638
13717
1304
13716
11847
8874
9779
5713
4189
8166
1295
13001
8158
365
12857
5460
11469
11127
7855
12852
13435
12400
12002
4414
3481
3135
4017
11110
8821
6960
935
4016
9178
9863
11787
12384
3572
244
2888
1235
12364
10497
9858
9855
13283
1909
4746
6702
9368
13612
1699
10469
8478
3064
11539
7845
11392
7485
13278
4335
5611
199
5958
11536
8385
4329
3373
4735
1687
2780
5914
10946
1872
2960
9645
6497
7086
11027
9623
9324
38
5888
9744
11015
9604
13178
1850
4132
13171
11998
12980
7150
2725
8320
3707
10010
1438
13559
8026
2260
13554
9822
908
11682
7958
6142
8987
1823
11680
5314
4113
3971
10680
4806
8699
6673
5833
9567
1408
1120
3685
5829
8697
2824
6809
7401
7699
2392
13515
4257
2682
7695
4549
10370
4544
9113
2673
13803
7393
12776
7392
2380
5794
3926
8939
1383
10360
12224
698
3505
6650
8515
4505
2366
5819
8958
721
707
9915
4900
4506
13484
3227
1073
2634
6770
9724
8632
677
10802
7346
8219
6352
6068
2330
1733
13724
11170
374
2598
5468
3185
4192
5044
10577
11472
3176
11584
11845
13333
9086
7169
13005
4429
604
10294
10981
6282
9427
4418
9182
12150
590
11462
1250
5961
9859
10281
11790
6253
13971
12142
11770
13634
554
9758
546
3088
9371
5635
3468
11755
8569
7979
5625
8773
13613
9840
10818
8762
3742
2470
198
3054
13596
9331
6195
1188
8742
2452
4136
6870
5585
12294
12118
3024
3377
881
10773
2119
13206
12620
8710
11339
7435
2069
11332
8463
3338
2054
6476
3001
7427
793
13382
9293
13867
12957
11673
6829
12950
10703
3304
3449
1525
8691
11296
12934
6818
4578
3665
3984
11385
12233
12920
12705
4933
6425
2376
11959
7867
11955
5950
10797
971
4554
2691
3956
1777
4693
1398
5811
8273
5802
5805
3244
1763
3222
2852
1359
2631
1629
1354
1356
5086
153
6357
1754
2213
3200
2612
4660
5068
9489
9485
7333
649
10113
12066
1620
5937
88
4767
10578
9777
1040
5351
1302
1727
1988
6302
1997
2301
4177
3144
8157
8845
4424
7312
2300
2894
1273
10189
11118
936
6033
11565
12380
7531
8583
4847
9396
4844
9169
3794
10869
8410
550
8481
549
8571
8572
8573
11742
7494
3753
6569
8475
12125
2188
8071
11047
11445
3418
9836
9325
4308
10435
8716
12973
10103
97
12970
11525
3381
8387
12027
12631
11380
68
13556
9738
9050
6503
3535
10760
10793
8371
7957
9132
7874
9646
2412
8365
12274
7429
9638
2410
5559
12793
8341
2743
6671
906
10724
12021
8693
6666
4600
13269
6465
7740
10226
1450
7047
12708
13268
12
4941
3672
6455
9950
6437
13955
5841
12554
7022
11640
1642
11271
6653
3443
3966
8971
2168
6652
